[ 0.  0.  0.  1.  0.  1.  0.  0.  0.  0.  0.  0.  0.  0.  0.  0.  0.  1.
  0.  1.  0.  0.  0.  1.  1.  0.  0.  1.  0.  0.  0.  0.  0.  0.  0.  0.
  0.  0.  0.  0.  1.  0.  0.  0.  0.  0.  0.  0.  0.  0.  0.  0.  0.  0.
  0.  0.  0.  0.  0.  0.  0.  0.  0.  1.  0.  0.  0.  0.  1.  0.  0.  0.
  0.  0.  0.  0.  0.  1.  0.  0.  0.  0.  0.  0.  0.  0.  0.  0.  0.  1.
  0.  0.  0.  0.  0.  0.  0.  0.  0.  0.  0.  0.  0.  1.  0.  0.  0.  0.
  0.  0.  0.  0.  0.  0.  0.  0.  0.  0.  0.  1.  0.  0.  0.  0.  0.  0.
  0.  0.  0.  0.  1.  0.  0.  0.  0.  0.  0.  0.  0.  0.  1.  0.  0.  0.
  0.  0.  0.  0.  0.  0.  0.  0.  0.  0.  0.  0.  1.  0.  0.  0.  0.  0.
  0.  0.  0.  0.  0.  0.  1.  0.  0.  0.  0.  0.  0.  0.  1.  0.  0.  0.
  0.  0.  0.  0.  0.  0.  0.  0.  0.  1.  0.  0.  0.  0.  0.  0.  0.  0.
  0.  0.  0.  0.  0.  0.  1.  0.  0.  0.  0.  0.  0.  0.  0.  0.  0.  0.
  1.  0.  0.  0.  0.  0.  0.  0.  0.  0.  1.  0.  0.  0.  0.  0.  0.  0.
  0.  0.  1.  0.  0.  0.  0.  0.  0.  0.  0.  0.  0.  0.  0.  0.  1.  0.
  0.  0.  0.  0.  0.  1.  0.  0.  0.  0.  0.  0.  0.  0.  0.  0.  0.  0.
  0.  0.  0.  0.  0.  0.  1.  0.  0.  0.  0.  0.  0.  0.  1.  0.  0.  0.
  0.  1.  0.  0.  0.  0.  0.  0.  0.  0.  0.  0.  0.  0.  0.  0.  0.  1.
  0.  0.  0.  0.  0.  0.  0.  0.  1.  0.  0.  0.  0.  0.  0.  1.  0.  0.
  0.  0.  0.  0.  0.  0.  0.  0.  0.  0.  0.  0.  0.  0.  0.  0.  1.  0.
  0.  0.  0.  0.  0.  0.  0.  0.  0.  0.  0.  1.  0.  0.  0.  0.  0.  0.
  0.  0.  0.  0.  0.  0.  1.  0.  0.  0.  0.  0.  0.  0.  0.  0.  0.  0.
  0.  1.  0.  0.  0.  0.  0.  0.  0.  0.  0.  0.  0.  0.  1.  0.  0.  0.
  0.  0.  0.  0.  0.  0.  0.  0.  0.  0.  1.  0.  0.  0.  0.  0.  0.  0.
  0.  0.  0.  0.  0.  1.  0.  0.  0.  0.  0.  0.  0.  0.  0.  0.  0.  0.
  1.  0.  0.  0.  0.  0.  0.  0.  0.  0.  0.  0.  1.  0.  1.  0.  0.  0.
  1.  0.  1.  0.  0.  0.  0.  0.  1.  1.  0.  0.  0.  0.  1.  0.  0.  0.
  0.  0.  0.  0.  1.  0.  1.  0.  0.  0.  0.  1.  0.  0.  0.  0.  0.  1.
  0.  0.  1.  0.  0.  0.  1.  0.  0.  0.  0.  1.  0.  0.  0.  0.  1.  0.
  0.  0.  0.  1.  0.  0.  0.  0.  1.  0.  0.  0.  0.  1.  0.  0.  0.  0.
  1.  0.  1.  0.  0.  0.  0.  1.  0.  0.  0.  0.  0.  0.  1.  0.  0.  1.
  0.  0.  0.  0.  1.  0.  0.  0.  0.  0.  0.  1.  0.  0.  1.  0.  0.  0.
  0.  1.  0.  0.  0.  0.  1.  0.  0.  0.  0.  1.  0.  0.  0.  0.  1.  0.
  0.  0.  0.  1.  0.  0.  0.  0.  1.  0.  0.  0.  0.  0.  0.  0.  1.  0.
  1.  0.  0.  0.  0.  1.  0.  0.  0.  0.  1.  0.  0.  0.  0.  1.  0.  0.
  0.  0.  1.  0.  0.  0.  0.  1.  0.  0.  0.  0.  1.  0.  0.  0.  0.  1.
  0.  0.  0.  0.  0.  0.  0.  0.  1.  0.  0.  0.  1.  0.  1.  0.  0.  0.
  1.  0.  0.  0.  1.  0.  0. 20.  8.  8.  8.  7. 12.  7.  6.  2.  1. 12.][ 0.  0.  0.  1.  0.  1.  0.  0.  0.  0.  0.  0.  0.  0.  0.  0.  0.  1.
  0.  1.  0.  0.  0.  1.  1.  0.  0.  1.  0.  0.  0.  0.  0.  0.  0.  0.
  0.  0.  0.  0.  1.  0.  0.  0.  0.  0.  0.  0.  0.  0.  0.  0.  0.  0.
  0.  0.  0.  0.  0.  0.  0.  0.  0.  1.  0.  0.  0.  0.  1.  0.  0.  0.
  0.  0.  0.  0.  0.  1.  0.  0.  0.  0.  0.  0.  0.  0.  0.  0.  0.  1.
  0.  0.  0.  0.  0.  0.  0.  0.  0.  0.  0.  0.  0.  1.  0.  0.  0.  0.
  0.  0.  0.  0.  0.  0.  0.  0.  0.  0.  0.  1.  0.  0.  0.  0.  0.  0.
  0.  0.  0.  0.  1.  0.  0.  0.  0.  0.  0.  0.  0.  0.  1.  0.  0.  0.
  0.  0.  0.  0.  0.  0.  0.  0.  0.  0.  0.  0.  1.  0.  0.  0.  0.  0.
  0.  0.  0.  0.  0.  0.  1.  0.  0.  0.  0.  0.  0.  0.  1.  0.  0.  0.
  0.  0.  0.  0.  0.  0.  0.  0.  0.  1.  0.  0.  0.  0.  0.  0.  0.  0.
  0.  0.  0.  0.  0.  0.  1.  0.  0.  0.  0.  0.  0.  0.  0.  0.  0.  0.
  1.  0.  0.  0.  0.  0.  0.  0.  0.  0.  1.  0.  0.  0.  0.  0.  0.  0.
  0.  0.  1.  0.  0.  0.  0.  0.  0.  0.  0.  0.  0.  0.  0.  0.  1.  0.
  0.  0.  0.  0.  0.  1.  0.  0.  0.  0.  0.  0.  0.  0.  0.  0.  0.  0.
  0.  0.  0.  0.  0.  0.  1.  0.  0.  0.  0.  0.  0.  0.  1.  0.  0.  0.
  0.  1.  0.  0.  0.  0.  0.  0.  0.  0.  0.  0.  0.  0.  0.  0.  0.  1.
  0.  0.  0.  0.  0.  0.  0.  0.  1.  0.  0.  0.  0.  0.  0.  1.  0.  0.
  0.  0.  0.  0.  0.  0.  0.  0.  0.  0.  0.  0.  0.  0.  0.  0.  1.  0.
  0.  0.  0.  0.  0.  0.  0.  0.  0.  0.  0.  1.  0.  0.  0.  0.  0.  0.
  0.  0.  0.  0.  0.  0.  1.  0.  0.  0.  0.  0.  0.  0.  0.  0.  0.  0.
  0.  1.  0.  0.  0.  0.  0.  0.  0.  0.  0.  0.  0.  0.  1.  0.  0.  0.
  0.  0.  0.  0.  0.  0.  0.  0.  0.  0.  1.  0.  0.  0.  0.  0.  0.  0.
  0.  0.  0.  0.  0.  1.  0.  0.  0.  0.  0.  0.  0.  0.  0.  0.  0.  0.
  1.  0.  0.  0.  0.  0.  0.  0.  0.  0.  0.  0.  1.  0.  1.  0.  0.  0.
  1.  0.  1.  0.  0.  0.  0.  0.  1.  1.  0.  0.  0.  0.  1.  0.  0.  0.
  0.  0.  0.  0.  1.  0.  1.  0.  0.  0.  0.  1.  0.  0.  0.  0.  0.  1.
  0.  0.  1.  0.  0.  0.  1.  0.  0.  0.  0.  1.  0.  0.  0.  0.  1.  0.
  0.  0.  0.  1.  0.  0.  0.  0.  1.  0.  0.  0.  0.  1.  0.  0.  0.  0.
  1.  0.  1.  0.  0.  0.  0.  1.  0.  0.  0.  0.  0.  0.  1.  0.  0.  1.
  0.  0.  0.  0.  1.  0.  0.  0.  0.  0.  0.  1.  0.  0.  1.  0.  0.  0.
  0.  1.  0.  0.  0.  0.  1.  0.  0.  0.  0.  1.  0.  0.  0.  0.  1.  0.
  0.  0.  0.  1.  0.  0.  0.  0.  1.  0.  0.  0.  0.  0.  0.  0.  1.  0.
  1.  0.  0.  0.  0.  1.  0.  0.  0.  0.  1.  0.  0.  0.  0.  1.  0.  0.
  0.  0.  1.  0.  0.  0.  0.  1.  0.  0.  0.  0.  1.  0.  0.  0.  0.  1.
  0.  0.  0.  0.  0.  0.  0.  0.  1.  0.  0.  0.  1.  0.  1.  0.  0.  0.
  1.  0.  0.  0.  1.  0.  0. 20.  8.  8.  8.  7. 12.  7.  6.  2.  1. 12.][ 0.  0.  0.  1.  0.  1.  0.  0.  0.  0.  0.  0.  0.  0.  0.  0.  0.  1.
  0.  0.  1.  0.  0.  1.  0.  0.  1.  0.  1.  0.  0.  0.  0.  0.  0.  0.
  0.  0.  0.  0.  0.  0.  0.  0.  0.  0.  0.  0.  0.  0.  1.  0.  0.  0.
  0.  0.  0.  1.  0.  0.  0.  0.  0.  0.  0.  0.  0.  0.  0.  0.  0.  0.
  0.  1.  0.  0.  0.  0.  0.  0.  0.  0.  1.  0.  0.  0.  0.  0.  1.  0.
  0.  0.  0.  0.  0.  0.  0.  0.  0.  0.  0.  0.  0.  0.  0.  0.  0.  0.
  0.  0.  1.  0.  0.  1.  0.  0.  0.  0.  0.  0.  0.  0.  0.  0.  0.  0.
  0.  1.  0.  0.  0.  0.  0.  0.  0.  0.  1.  0.  0.  0.  0.  0.  0.  0.
  0.  0.  0.  0.  0.  0.  1.  0.  0.  0.  0.  0.  0.  0.  0.  0.  0.  0.
  0.  0.  0.  0.  0.  1.  0.  0.  0.  0.  0.  0.  0.  0.  0.  1.  0.  0.
  0.  0.  0.  0.  1.  0.  0.  0.  0.  0.  0.  0.  0.  0.  0.  0.  1.  0.
  0.  0.  0.  0.  0.  0.  0.  0.  0.  0.  1.  0.  0.  0.  0.  0.  0.  0.
  0.  0.  0.  0.  0.  0.  1.  0.  0.  0.  0.  0.  0.  0.  0.  1.  0.  0.
  0.  0.  0.  0.  0.  0.  0.  0.  0.  0.  0.  0.  0.  0.  0.  0.  1.  0.
  0.  0.  0.  0.  0.  1.  0.  0.  0.  0.  0.  0.  0.  0.  0.  0.  0.  0.
  0.  0.  0.  0.  0.  0.  1.  0.  0.  0.  0.  0.  0.  0.  1.  0.  0.  0.
  0.  1.  0.  0.  0.  0.  0.  0.  0.  0.  0.  0.  0.  0.  0.  0.  0.  1.
  0.  0.  0.  0.  0.  0.  0.  0.  0.  1.  0.  0.  0.  0.  0.  0.  0.  0.
  0.  0.  0.  0.  0.  1.  0.  0.  0.  0.  0.  0.  0.  0.  0.  0.  0.  0.
  0.  1.  0.  0.  0.  0.  0.  0.  0.  0.  0.  0.  0.  1.  0.  0.  0.  0.
  0.  0.  0.  0.  0.  0.  0.  0.  1.  0.  1.  0.  0.  0.  0.  0.  0.  0.
  0.  0.  0.  0.  0.  0.  0.  0.  0.  0.  0.  0.  0.  0.  0.  0.  1.  0.
  0.  0.  0.  0.  0.  0.  0.  0.  0.  0.  1.  0.  0.  0.  0.  0.  0.  0.
  0.  1.  0.  0.  0.  0.  0.  0.  0.  0.  0.  0.  0.  0.  0.  1.  0.  0.
  0.  0.  0.  0.  0.  0.  0.  0.  0.  1.  0.  0.  0.  0.  1.  0.  0.  0.
  1.  0.  1.  0.  1.  0.  0.  0.  0.  1.  0.  0.  0.  0.  1.  0.  0.  0.
  0.  1.  0.  0.  0.  0.  1.  0.  0.  0.  0.  0.  0.  1.  0.  0.  1.  0.
  0.  0.  1.  0.  0.  0.  1.  0.  0.  0.  0.  1.  0.  0.  0.  0.  1.  0.
  0.  0.  0.  1.  0.  0.  0.  0.  1.  0.  0.  0.  0.  0.  0.  1.  0.  0.
  1.  0.  1.  0.  0.  0.  0.  0.  0.  0.  0.  1.  0.  0.  1.  0.  0.  0.
  1.  0.  0.  0.  1.  0.  0.  0.  0.  1.  0.  0.  0.  0.  1.  0.  0.  0.
  0.  0.  0.  1.  0.  0.  1.  0.  0.  0.  0.  1.  0.  0.  0.  0.  1.  0.
  0.  0.  0.  1.  0.  0.  0.  0.  1.  0.  0.  0.  0.  1.  0.  0.  0.  0.
  1.  0.  0.  0.  0.  0.  0.  1.  0.  0.  1.  0.  0.  0.  0.  1.  0.  0.
  0.  0.  1.  0.  0.  0.  0.  1.  0.  0.  0.  0.  1.  0.  0.  0.  0.  1.
  0.  0.  0.  0.  0.  0.  0.  0.  1.  1.  0.  0.  0.  0.  1.  0.  0.  0.
  1.  0.  0.  0.  1.  0.  0. 20.  7.  7.  6.  8.  9. 10.  9.  6.  5.  4.][ 0.  0.  0.  1.  0.  1.  0.  0.  0.  0.  0.  0.  0.  0.  0.  0.  0.  1.
  0.  0.  1.  0.  0.  1.  0.  0.  1.  0.  1.  0.  0.  0.  0.  0.  0.  0.
  0.  0.  0.  0.  0.  0.  0.  0.  0.  0.  0.  0.  0.  0.  1.  0.  0.  0.
  0.  0.  0.  1.  0.  0.  0.  0.  0.  0.  0.  0.  0.  0.  0.  0.  0.  0.
  0.  1.  0.  0.  0.  0.  0.  0.  0.  0.  1.  0.  0.  0.  0.  0.  1.  0.
  0.  0.  0.  0.  0.  0.  0.  0.  0.  0.  0.  0.  0.  0.  0.  0.  0.  0.
  0.  0.  1.  0.  0.  1.  0.  0.  0.  0.  0.  0.  0.  0.  0.  0.  0.  0.
  0.  1.  0.  0.  0.  0.  0.  0.  0.  0.  1.  0.  0.  0.  0.  0.  0.  0.
  0.  0.  0.  0.  0.  0.  1.  0.  0.  0.  0.  0.  0.  0.  0.  0.  0.  0.
  0.  0.  0.  0.  0.  1.  0.  0.  0.  0.  0.  0.  0.  0.  0.  1.  0.  0.
  0.  0.  0.  0.  1.  0.  0.  0.  0.  0.  0.  0.  0.  0.  0.  0.  1.  0.
  0.  0.  0.  0.  0.  0.  0.  0.  0.  0.  1.  0.  0.  0.  0.  0.  0.  0.
  0.  0.  0.  0.  0.  0.  1.  0.  0.  0.  0.  0.  0.  0.  0.  1.  0.  0.
  0.  0.  0.  0.  0.  0.  0.  0.  0.  0.  0.  0.  0.  0.  0.  0.  1.  0.
  0.  0.  0.  0.  0.  1.  0.  0.  0.  0.  0.  0.  0.  0.  0.  0.  0.  0.
  0.  0.  0.  0.  0.  0.  1.  0.  0.  0.  0.  0.  0.  0.  1.  0.  0.  0.
  0.  1.  0.  0.  0.  0.  0.  0.  0.  0.  0.  0.  0.  0.  0.  0.  0.  1.
  0.  0.  0.  0.  0.  0.  0.  0.  0.  1.  0.  0.  0.  0.  0.  0.  0.  0.
  0.  0.  0.  0.  0.  1.  0.  0.  0.  0.  0.  0.  0.  0.  0.  0.  0.  0.
  0.  1.  0.  0.  0.  0.  0.  0.  0.  0.  0.  0.  0.  1.  0.  0.  0.  0.
  0.  0.  0.  0.  0.  0.  0.  0.  1.  0.  1.  0.  0.  0.  0.  0.  0.  0.
  0.  0.  0.  0.  0.  0.  0.  0.  0.  0.  0.  0.  0.  0.  0.  0.  1.  0.
  0.  0.  0.  0.  0.  0.  0.  0.  0.  0.  1.  0.  0.  0.  0.  0.  0.  0.
  0.  1.  0.  0.  0.  0.  0.  0.  0.  0.  0.  0.  0.  0.  0.  1.  0.  0.
  0.  0.  0.  0.  0.  0.  0.  0.  0.  1.  0.  0.  0.  0.  1.  0.  0.  0.
  1.  0.  1.  0.  1.  0.  0.  0.  0.  1.  0.  0.  0.  0.  1.  0.  0.  0.
  0.  1.  0.  0.  0.  0.  1.  0.  0.  0.  0.  0.  0.  1.  0.  0.  1.  0.
  0.  0.  1.  0.  0.  0.  1.  0.  0.  0.  0.  1.  0.  0.  0.  0.  1.  0.
  0.  0.  0.  1.  0.  0.  0.  0.  1.  0.  0.  0.  0.  0.  0.  1.  0.  0.
  1.  0.  1.  0.  0.  0.  0.  0.  0.  0.  0.  1.  0.  0.  1.  0.  0.  0.
  1.  0.  0.  0.  1.  0.  0.  0.  0.  1.  0.  0.  0.  0.  1.  0.  0.  0.
  0.  0.  0.  1.  0.  0.  1.  0.  0.  0.  0.  1.  0.  0.  0.  0.  1.  0.
  0.  0.  0.  1.  0.  0.  0.  0.  1.  0.  0.  0.  0.  1.  0.  0.  0.  0.
  1.  0.  0.  0.  0.  0.  0.  1.  0.  0.  1.  0.  0.  0.  0.  1.  0.  0.
  0.  0.  1.  0.  0.  0.  0.  1.  0.  0.  0.  0.  1.  0.  0.  0.  0.  1.
  0.  0.  0.  0.  0.  0.  0.  0.  1.  1.  0.  0.  0.  0.  1.  0.  0.  0.
  1.  0.  0.  0.  1.  0.  0. 20.  7.  7.  6.  8.  9. 10.  9.  6.  5.  4.][ 0.  0.  0.  1.  0.  0.  0.  0.  0.  0.  0.  1.  0.  0.  0.  0.  0.  1.
  0.  0.  1.  1.  0.  0.  0.  0.  1.  0.  0.  1.  0.  0.  0.  0.  0.  0.
  0.  0.  0.  0.  0.  0.  0.  0.  0.  0.  0.  0.  0.  0.  0.  1.  0.  0.
  1.  0.  0.  0.  0.  0.  0.  0.  0.  0.  0.  1.  0.  0.  0.  0.  0.  0.
  0.  0.  0.  0.  0.  1.  0.  0.  0.  0.  0.  0.  0.  0.  0.  0.  0.  0.
  0.  1.  0.  0.  0.  0.  0.  0.  0.  0.  0.  0.  0.  0.  0.  0.  0.  0.
  1.  0.  0.  0.  0.  0.  0.  0.  0.  0.  1.  0.  0.  0.  0.  0.  0.  0.
  0.  0.  0.  0.  0.  0.  0.  1.  0.  0.  0.  0.  0.  0.  0.  0.  0.  0.
  1.  0.  0.  0.  0.  0.  0.  0.  0.  0.  0.  0.  1.  0.  0.  0.  0.  0.
  0.  0.  0.  1.  0.  0.  0.  0.  0.  1.  0.  0.  0.  0.  0.  0.  0.  0.
  0.  0.  0.  0.  0.  0.  0.  0.  0.  0.  0.  0.  1.  0.  0.  0.  1.  0.
  0.  0.  0.  0.  0.  0.  0.  0.  0.  0.  0.  0.  0.  0.  0.  1.  0.  0.
  0.  0.  0.  0.  0.  0.  0.  0.  0.  0.  0.  0.  1.  0.  0.  0.  0.  0.
  0.  0.  0.  0.  0.  0.  0.  1.  0.  0.  0.  0.  0.  0.  0.  0.  0.  1.
  0.  0.  0.  0.  0.  1.  0.  0.  0.  0.  0.  0.  0.  0.  0.  0.  0.  0.
  1.  0.  0.  0.  0.  0.  0.  0.  0.  0.  0.  1.  0.  0.  0.  0.  0.  0.
  0.  0.  0.  0.  0.  1.  0.  0.  0.  0.  0.  0.  1.  0.  0.  0.  0.  0.
  0.  1.  0.  0.  0.  0.  0.  0.  0.  0.  0.  0.  0.  0.  0.  0.  0.  0.
  0.  0.  0.  0.  0.  0.  1.  0.  0.  0.  0.  0.  0.  0.  0.  0.  0.  0.
  0.  1.  0.  0.  0.  0.  0.  0.  0.  0.  0.  1.  0.  0.  0.  1.  0.  0.
  0.  0.  0.  0.  0.  0.  0.  0.  0.  0.  0.  0.  0.  0.  0.  0.  0.  0.
  1.  0.  0.  0.  0.  0.  0.  0.  0.  0.  0.  0.  0.  0.  0.  0.  1.  0.
  0.  0.  0.  0.  0.  0.  0.  0.  0.  0.  1.  0.  0.  0.  0.  0.  0.  0.
  0.  0.  0.  0.  0.  1.  0.  0.  0.  0.  0.  0.  0.  0.  0.  0.  0.  0.
  1.  0.  0.  0.  0.  0.  0.  0.  0.  0.  0.  0.  1.  0.  0.  0.  1.  0.
  1.  0.  0.  1.  1.  0.  0.  0.  0.  1.  0.  0.  0.  0.  0.  0.  1.  0.
  0.  1.  0.  0.  0.  0.  1.  0.  0.  0.  0.  1.  0.  0.  0.  0.  1.  0.
  0.  0.  0.  0.  1.  0.  1.  0.  0.  0.  0.  1.  0.  0.  0.  0.  1.  0.
  0.  0.  0.  1.  0.  0.  0.  0.  1.  0.  0.  0.  0.  1.  0.  0.  0.  0.
  1.  0.  1.  0.  0.  0.  0.  0.  0.  1.  0.  0.  1.  0.  0.  0.  0.  1.
  0.  0.  0.  0.  0.  0.  1.  0.  0.  1.  0.  0.  0.  0.  1.  0.  0.  0.
  0.  1.  0.  0.  0.  0.  1.  0.  0.  0.  0.  1.  0.  0.  0.  0.  1.  0.
  0.  0.  0.  1.  0.  0.  0.  0.  1.  0.  0.  0.  0.  0.  0.  0.  0.  1.
  1.  0.  0.  0.  0.  1.  0.  0.  0.  0.  1.  0.  0.  0.  0.  0.  0.  0.
  1.  0.  1.  0.  0.  0.  0.  0.  1.  0.  0.  0.  1.  0.  0.  0.  0.  0.
  0.  0.  0.  1.  0.  0.  0.  1.  0.  0.  0.  0.  0.  1.  1.  0.  0.  0.
  1.  0.  0.  0.  1.  0.  0. 50.  7.  1.  7.  7.  1. 10.  4.  8. 10.  8.][ 0.  0.  0.  1.  0.  0.  0.  0.  0.  0.  0.  1.  0.  0.  0.  0.  0.  1.
  0.  0.  1.  1.  0.  0.  0.  0.  1.  0.  0.  1.  0.  0.  0.  0.  0.  0.
  0.  0.  0.  0.  0.  0.  0.  0.  0.  0.  0.  0.  0.  0.  0.  1.  0.  0.
  1.  0.  0.  0.  0.  0.  0.  0.  0.  0.  0.  1.  0.  0.  0.  0.  0.  0.
  0.  0.  0.  0.  0.  1.  0.  0.  0.  0.  0.  0.  0.  0.  0.  0.  0.  0.
  0.  1.  0.  0.  0.  0.  0.  0.  0.  0.  0.  0.  0.  0.  0.  0.  0.  0.
  1.  0.  0.  0.  0.  0.  0.  0.  0.  0.  1.  0.  0.  0.  0.  0.  0.  0.
  0.  0.  0.  0.  0.  0.  0.  1.  0.  0.  0.  0.  0.  0.  0.  0.  0.  0.
  1.  0.  0.  0.  0.  0.  0.  0.  0.  0.  0.  0.  1.  0.  0.  0.  0.  0.
  0.  0.  0.  1.  0.  0.  0.  0.  0.  1.  0.  0.  0.  0.  0.  0.  0.  0.
  0.  0.  0.  0.  0.  0.  0.  0.  0.  0.  0.  0.  1.  0.  0.  0.  1.  0.
  0.  0.  0.  0.  0.  0.  0.  0.  0.  0.  0.  0.  0.  0.  0.  1.  0.  0.
  0.  0.  0.  0.  0.  0.  0.  0.  0.  0.  0.  0.  1.  0.  0.  0.  0.  0.
  0.  0.  0.  0.  0.  0.  0.  1.  0.  0.  0.  0.  0.  0.  0.  0.  0.  1.
  0.  0.  0.  0.  0.  1.  0.  0.  0.  0.  0.  0.  0.  0.  0.  0.  0.  0.
  1.  0.  0.  0.  0.  0.  0.  0.  0.  0.  0.  1.  0.  0.  0.  0.  0.  0.
  0.  0.  0.  0.  0.  1.  0.  0.  0.  0.  0.  0.  1.  0.  0.  0.  0.  0.
  0.  1.  0.  0.  0.  0.  0.  0.  0.  0.  0.  0.  0.  0.  0.  0.  0.  0.
  0.  0.  0.  0.  0.  0.  1.  0.  0.  0.  0.  0.  0.  0.  0.  0.  0.  0.
  0.  1.  0.  0.  0.  0.  0.  0.  0.  0.  0.  1.  0.  0.  0.  1.  0.  0.
  0.  0.  0.  0.  0.  0.  0.  0.  0.  0.  0.  0.  0.  0.  0.  0.  0.  0.
  1.  0.  0.  0.  0.  0.  0.  0.  0.  0.  0.  0.  0.  0.  0.  0.  1.  0.
  0.  0.  0.  0.  0.  0.  0.  0.  0.  0.  1.  0.  0.  0.  0.  0.  0.  0.
  0.  0.  0.  0.  0.  1.  0.  0.  0.  0.  0.  0.  0.  0.  0.  0.  0.  0.
  1.  0.  0.  0.  0.  0.  0.  0.  0.  0.  0.  0.  1.  0.  0.  0.  1.  0.
  1.  0.  0.  1.  1.  0.  0.  0.  0.  1.  0.  0.  0.  0.  0.  0.  1.  0.
  0.  1.  0.  0.  0.  0.  1.  0.  0.  0.  0.  1.  0.  0.  0.  0.  1.  0.
  0.  0.  0.  0.  1.  0.  1.  0.  0.  0.  0.  1.  0.  0.  0.  0.  1.  0.
  0.  0.  0.  1.  0.  0.  0.  0.  1.  0.  0.  0.  0.  1.  0.  0.  0.  0.
  1.  0.  1.  0.  0.  0.  0.  0.  0.  1.  0.  0.  1.  0.  0.  0.  0.  1.
  0.  0.  0.  0.  0.  0.  1.  0.  0.  1.  0.  0.  0.  0.  1.  0.  0.  0.
  0.  1.  0.  0.  0.  0.  1.  0.  0.  0.  0.  1.  0.  0.  0.  0.  1.  0.
  0.  0.  0.  1.  0.  0.  0.  0.  1.  0.  0.  0.  0.  0.  0.  0.  0.  1.
  1.  0.  0.  0.  0.  1.  0.  0.  0.  0.  1.  0.  0.  0.  0.  0.  0.  0.
  1.  0.  1.  0.  0.  0.  0.  0.  1.  0.  0.  0.  1.  0.  0.  0.  0.  0.
  0.  0.  0.  1.  0.  0.  0.  1.  0.  0.  0.  0.  0.  1.  1.  0.  0.  0.
  1.  0.  0.  0.  1.  0.  0. 50.  7.  1.  7.  7.  1. 10.  4.  8. 10.  8.][ 0.  0.  0.  0.  1.  0.  1.  0.  0.  0.  0.  0.  0.  0.  0.  0.  0.  1.
  0.  0.  1.  0.  0.  1.  1.  0.  0.  1.  0.  0.  0.  0.  0.  0.  0.  0.
  0.  0.  0.  0.  0.  0.  0.  0.  0.  0.  0.  0.  0.  0.  1.  0.  0.  0.
  0.  0.  0.  1.  0.  0.  0.  0.  0.  0.  0.  0.  0.  0.  0.  0.  0.  0.
  0.  1.  0.  0.  0.  0.  0.  0.  0.  0.  1.  0.  0.  0.  0.  0.  1.  0.
  0.  0.  0.  0.  0.  0.  0.  0.  0.  0.  0.  0.  0.  0.  0.  0.  0.  0.
  0.  0.  1.  0.  0.  1.  0.  0.  0.  0.  0.  0.  0.  0.  0.  0.  0.  0.
  0.  1.  0.  0.  0.  0.  0.  0.  0.  0.  1.  0.  0.  0.  0.  0.  0.  0.
  0.  0.  0.  0.  0.  0.  1.  0.  0.  0.  0.  0.  0.  0.  0.  0.  0.  0.
  0.  0.  0.  0.  0.  1.  0.  0.  0.  0.  0.  0.  0.  0.  0.  1.  0.  0.
  0.  0.  0.  0.  0.  0.  0.  0.  1.  0.  0.  0.  0.  0.  0.  0.  0.  0.
  0.  1.  0.  0.  0.  0.  0.  0.  0.  0.  0.  0.  0.  0.  1.  0.  0.  0.
  0.  0.  0.  0.  0.  0.  0.  0.  0.  0.  0.  1.  0.  0.  0.  0.  0.  0.
  0.  1.  0.  0.  0.  0.  0.  0.  0.  0.  0.  0.  0.  0.  0.  1.  0.  0.
  0.  0.  0.  0.  0.  1.  0.  0.  0.  0.  0.  0.  0.  0.  0.  0.  0.  0.
  0.  0.  0.  0.  0.  0.  1.  0.  0.  0.  0.  0.  0.  0.  1.  0.  0.  0.
  0.  1.  0.  0.  0.  0.  0.  0.  0.  0.  0.  1.  0.  0.  0.  0.  0.  0.
  0.  0.  0.  0.  1.  0.  0.  0.  0.  0.  0.  0.  0.  0.  0.  0.  1.  0.
  0.  0.  0.  0.  0.  0.  0.  0.  0.  1.  0.  0.  0.  0.  0.  0.  0.  0.
  0.  0.  0.  1.  0.  0.  0.  0.  0.  0.  0.  0.  0.  0.  0.  0.  0.  0.
  0.  0.  0.  0.  0.  0.  0.  0.  1.  0.  0.  0.  0.  0.  0.  0.  0.  0.
  0.  0.  0.  1.  0.  0.  0.  0.  0.  0.  0.  0.  0.  0.  0.  0.  1.  0.
  0.  0.  0.  0.  0.  0.  0.  0.  0.  0.  1.  0.  0.  0.  0.  0.  0.  0.
  0.  0.  0.  0.  0.  1.  0.  0.  0.  0.  1.  0.  0.  0.  0.  0.  0.  0.
  0.  0.  0.  0.  0.  1.  0.  0.  0.  0.  0.  0.  0.  1.  0.  0.  0.  0.
  1.  0.  1.  0.  1.  0.  0.  0.  0.  1.  0.  0.  0.  0.  1.  0.  0.  0.
  0.  1.  0.  0.  0.  0.  1.  0.  0.  0.  0.  1.  0.  0.  0.  0.  1.  0.
  0.  0.  1.  0.  0.  0.  0.  1.  0.  0.  0.  1.  0.  0.  0.  0.  1.  0.
  0.  0.  0.  0.  0.  0.  0.  1.  1.  0.  0.  0.  0.  1.  0.  0.  0.  0.
  1.  0.  1.  0.  0.  0.  0.  1.  0.  0.  0.  0.  1.  0.  0.  0.  0.  1.
  0.  0.  0.  0.  1.  0.  0.  0.  0.  0.  1.  0.  0.  0.  0.  1.  0.  0.
  0.  1.  0.  0.  0.  0.  1.  0.  0.  0.  0.  0.  0.  0.  0.  1.  0.  0.
  1.  0.  0.  1.  0.  0.  0.  0.  1.  0.  0.  0.  0.  1.  0.  0.  0.  0.
  0.  0.  0.  0.  1.  1.  0.  0.  0.  0.  1.  0.  0.  0.  0.  1.  0.  0.
  0.  0.  0.  0.  0.  1.  0.  1.  0.  0.  0.  0.  1.  0.  0.  0.  0.  0.
  0.  0.  0.  1.  1.  0.  0.  0.  0.  1.  0.  0.  0.  0.  1.  0.  0.  0.
  1.  0.  0.  0.  1.  0.  0. 19.  3.  2.  3.  2.  2. 11. 10.  6.  5.  3.][ 0.  0.  0.  1.  0.  0.  0.  0.  0.  0.  0.  1.  0.  0.  0.  0.  1.  0.
  0.  0.  1.  0.  0.  1.  0.  0.  1.  0.  0.  0.  0.  0.  1.  0.  0.  0.
  0.  0.  0.  0.  0.  0.  0.  0.  0.  0.  0.  1.  0.  0.  0.  0.  0.  0.
  0.  0.  0.  0.  0.  0.  0.  0.  1.  0.  0.  0.  0.  0.  0.  1.  0.  0.
  0.  0.  0.  0.  0.  0.  0.  0.  0.  0.  0.  0.  0.  1.  0.  0.  0.  0.
  0.  0.  0.  0.  1.  0.  0.  0.  0.  0.  1.  0.  0.  0.  0.  0.  0.  0.
  0.  0.  0.  0.  0.  0.  0.  0.  0.  0.  0.  0.  0.  0.  1.  0.  0.  1.
  0.  0.  0.  0.  0.  0.  0.  0.  0.  0.  0.  0.  0.  1.  0.  0.  0.  0.
  0.  0.  0.  0.  1.  0.  0.  0.  0.  0.  0.  0.  0.  0.  0.  0.  0.  0.
  1.  0.  0.  0.  0.  0.  0.  0.  0.  0.  0.  0.  0.  0.  0.  0.  1.  0.
  0.  0.  0.  0.  0.  1.  0.  0.  0.  0.  0.  0.  0.  0.  0.  0.  0.  0.
  0.  0.  0.  0.  0.  0.  0.  1.  0.  0.  0.  1.  0.  0.  0.  0.  0.  0.
  0.  0.  0.  0.  0.  0.  1.  0.  0.  0.  0.  0.  0.  0.  0.  0.  0.  0.
  0.  0.  1.  0.  0.  0.  0.  0.  0.  0.  0.  0.  0.  0.  0.  0.  0.  0.
  1.  0.  0.  1.  0.  0.  0.  0.  0.  0.  0.  0.  0.  0.  0.  0.  0.  0.
  0.  0.  0.  0.  0.  1.  0.  0.  0.  0.  0.  0.  1.  0.  0.  0.  0.  0.
  0.  0.  0.  0.  0.  1.  0.  0.  1.  0.  0.  0.  0.  0.  0.  0.  0.  0.
  0.  0.  0.  0.  0.  0.  0.  0.  0.  0.  0.  1.  0.  0.  0.  0.  0.  0.
  0.  0.  0.  0.  0.  0.  1.  0.  0.  0.  0.  0.  0.  0.  0.  0.  0.  0.
  0.  1.  0.  0.  0.  0.  0.  0.  0.  0.  0.  0.  0.  0.  1.  0.  0.  0.
  0.  0.  0.  0.  0.  0.  0.  0.  1.  0.  1.  0.  0.  0.  0.  0.  0.  0.
  0.  0.  0.  0.  0.  0.  0.  0.  1.  0.  0.  0.  0.  0.  0.  0.  0.  0.
  0.  0.  0.  0.  1.  0.  0.  0.  0.  0.  0.  0.  0.  0.  0.  0.  0.  0.
  0.  0.  0.  0.  1.  0.  0.  1.  0.  0.  0.  0.  0.  0.  0.  0.  0.  0.
  0.  0.  0.  0.  0.  0.  0.  0.  0.  1.  0.  0.  0.  0.  0.  0.  0.  1.
  1.  0.  1.  0.  0.  0.  0.  1.  0.  1.  0.  0.  0.  0.  1.  0.  0.  0.
  0.  1.  0.  0.  0.  0.  1.  0.  0.  0.  0.  1.  0.  0.  0.  0.  1.  0.
  0.  0.  1.  0.  0.  0.  1.  0.  0.  0.  0.  1.  0.  0.  0.  0.  1.  0.
  0.  0.  0.  1.  0.  0.  0.  0.  0.  0.  1.  0.  0.  1.  0.  0.  0.  0.
  1.  0.  0.  0.  0.  1.  0.  1.  0.  0.  0.  0.  1.  0.  0.  0.  0.  1.
  0.  0.  0.  0.  0.  0.  0.  1.  0.  1.  0.  0.  0.  0.  1.  0.  0.  0.
  0.  1.  0.  0.  0.  0.  0.  1.  0.  0.  0.  1.  0.  0.  0.  0.  1.  0.
  0.  0.  0.  1.  0.  0.  0.  0.  1.  0.  0.  0.  0.  1.  0.  0.  0.  0.
  1.  0.  0.  0.  0.  1.  0.  0.  0.  0.  1.  0.  0.  0.  0.  1.  0.  0.
  0.  0.  0.  1.  0.  0.  0.  1.  0.  0.  0.  0.  0.  1.  0.  0.  0.  1.
  0.  0.  0.  0.  1.  0.  0.  0.  0.  1.  0.  0.  0.  0.  1.  0.  0.  0.
  0.  1.  0.  0.  1.  0.  0. 52. 11.  7. 10.  9.  4.  2. 10.  2.  4.  2.]